<?xml version="1.0"?>
<opencv_storage>
<img_shape type_id="opencv-matrix">
  <rows>2</rows>
  <cols>1</cols>
  <dt>d</dt>
  <data>
    1080. 1920.</data></img_shape>
<rms>1.7090649831953828e+00</rms>
<cam_int type_id="opencv-matrix">
  <rows>3</rows>
  <cols>3</cols>
  <dt>d</dt>
  <data>
    1.0548140389484056e+03 0. 7.3232622838881650e+02 0.
    1.0824930569594717e+03 5.8978502851194219e+02 0. 0. 1.</data></cam_int>
<cam_dist type_id="opencv-matrix">
  <rows>1</rows>
  <cols>5</cols>
  <dt>d</dt>
  <data>
    1.5849762238375836e-01 -9.0383590596011010e-01
    3.0193134203476624e-02 -6.1774671155923909e-02
    5.1282608018535072e+00</data></cam_dist>
<proj_int type_id="opencv-matrix">
  <rows>3</rows>
  <cols>3</cols>
  <dt>d</dt>
  <data>
    1.5231777433655793e+03 0. 6.4974118479425385e+02 0.
    1.5311758820596526e+03 7.3412528774523832e+02 0. 0. 1.</data></proj_int>
<proj_dist type_id="opencv-matrix">
  <rows>1</rows>
  <cols>5</cols>
  <dt>d</dt>
  <data>
    -1.3519232203417013e-02 -3.1055615172081098e-02
    2.3630142712044444e-04 -7.5412431387499113e-03
    1.4777686350152530e-01</data></proj_dist>
<rotation type_id="opencv-matrix">
  <rows>3</rows>
  <cols>3</cols>
  <dt>d</dt>
  <data>
    7.8594276239542005e-01 -9.5896319783222689e-02
    -6.1081737867409280e-01 -1.9209334580798106e-02
    9.8363526199513529e-01 -1.7914427935249408e-01
    6.1800078940339476e-01 1.5253054517635270e-01 7.7123891051021631e-01</data></rotation>
<translation type_id="opencv-matrix">
  <rows>3</rows>
  <cols>1</cols>
  <dt>d</dt>
  <data>
    2.2685396743822471e+02 -3.6610716031299027e+00
    7.2155093188362997e+01</data></translation>
</opencv_storage>
