<?xml version="1.0"?>
<opencv_storage>
<img_shape type_id="opencv-matrix">
  <rows>2</rows>
  <cols>1</cols>
  <dt>d</dt>
  <data>
    1080. 1920.</data></img_shape>
<rms>3.5357998581136960e+00</rms>
<cam_int type_id="opencv-matrix">
  <rows>3</rows>
  <cols>3</cols>
  <dt>d</dt>
  <data>
    8.9722684852496411e+02 0. 5.3792639417123939e+02 0.
    8.9893680928764229e+02 9.3462378904551838e+02 0. 0. 1.</data></cam_int>
<cam_dist type_id="opencv-matrix">
  <rows>1</rows>
  <cols>5</cols>
  <dt>d</dt>
  <data>
    5.2544676809304046e-03 -7.9272519853891399e-01
    -6.7628927690659452e-02 5.9700463725571411e-02
    6.0530903892053700e-01</data></cam_dist>
<proj_int type_id="opencv-matrix">
  <rows>3</rows>
  <cols>3</cols>
  <dt>d</dt>
  <data>
    1.8301697209242004e+03 0. 6.0411268375415659e+02 0.
    1.8237779408762285e+03 7.3019045059304858e+02 0. 0. 1.</data></proj_int>
<proj_dist type_id="opencv-matrix">
  <rows>1</rows>
  <cols>5</cols>
  <dt>d</dt>
  <data>
    -2.9218876293727075e-01 2.7453978117003648e+00
    -3.2286661210132175e-03 -9.6536644019332542e-04
    -1.0741233894381111e+01</data></proj_dist>
<rotation type_id="opencv-matrix">
  <rows>3</rows>
  <cols>3</cols>
  <dt>d</dt>
  <data>
    9.6831378486641961e-01 -2.3875218986161410e-02
    2.4859281557605822e-01 -8.4019011327919092e-03
    9.9174177206890912e-01 1.2797525382266181e-01
    -2.4959531665282514e-01 -1.2600885465705480e-01
    9.6011663169272998e-01</data></rotation>
<translation type_id="opencv-matrix">
  <rows>3</rows>
  <cols>1</cols>
  <dt>d</dt>
  <data>
    -3.8478146354719166e+02 3.5271398172505556e+01
    1.0300392863985026e+02</data></translation>
</opencv_storage>
