<?xml version="1.0"?>
<opencv_storage>
<img_shape type_id="opencv-matrix">
  <rows>2</rows>
  <cols>1</cols>
  <dt>d</dt>
  <data>
    1080. 1920.</data></img_shape>
<rms>1.3197186239573664e+01</rms>
<cam_int type_id="opencv-matrix">
  <rows>3</rows>
  <cols>3</cols>
  <dt>d</dt>
  <data>
    8.8984390382910794e+02 0. 4.9048734965000654e+02 0.
    1.3969251926139759e+03 1.0746848886752377e+03 0. 0. 1.</data></cam_int>
<cam_dist type_id="opencv-matrix">
  <rows>1</rows>
  <cols>5</cols>
  <dt>d</dt>
  <data>
    1.2778768068980670e-01 1.9497434395239863e-02 4.6095719767238932e-02
    -7.7992974418560235e-02 -2.0998555185303344e-02</data></cam_dist>
<proj_int type_id="opencv-matrix">
  <rows>3</rows>
  <cols>3</cols>
  <dt>d</dt>
  <data>
    2.1709085721518954e+03 0. 3.6557059905121088e+02 0.
    2.2134773895009121e+03 8.3309345023623723e+02 0. 0. 1.</data></proj_int>
<proj_dist type_id="opencv-matrix">
  <rows>1</rows>
  <cols>5</cols>
  <dt>d</dt>
  <data>
    -1.1637649751904278e-01 1.2130721135295255e+00
    -1.3094177135187799e-03 -3.3782147158664240e-02
    -3.0072517198396151e+00</data></proj_dist>
<rotation type_id="opencv-matrix">
  <rows>3</rows>
  <cols>3</cols>
  <dt>d</dt>
  <data>
    9.0480643235516611e-01 1.3109670691002165e-01
    -4.0514068347435089e-01 -2.0114260218723290e-01
    9.7017544049191839e-01 -1.3528218009649559e-01
    3.7532249273666624e-01 2.0389523806028423e-01 9.0419011183615317e-01</data></rotation>
<translation type_id="opencv-matrix">
  <rows>3</rows>
  <cols>1</cols>
  <dt>d</dt>
  <data>
    1.3726512598821367e+02 7.4034071534690398e+01 3.0796380792769139e+02</data></translation>
</opencv_storage>
